2025-11-08T02:04:51 %CurrentState { "fields": [{"name":"SerialNumber","type":"string"},{"name":"MacAddress","type":"string"},{"name":"StructureID","type":["string","null"]},{"name":"SapphireVersion","type":"string"},{"name":"BackplateModel","type":"string"},{"name":"ZipCode","type":"string"},{"name":"UTCOffset","type":"integer","unit":"minutes"},{"name":"DSTOffset","type":"integer","unit":"minutes"},{"name":"SetPointType","type":"integer"},{"name":"ScheduleMode","type":"integer"},{"name":"Temperature","type":"decimal","unit":"degrees Celsius"},{"name":"RangeTemperatureMax","type":"decimal","unit":"degrees Celsius"},{"name":"IsContinuation","type":"boolean"},{"name":"TouchedBy","type":"integer"},{"name":"TouchedWhere","type":"integer"},{"name":"TouchedWhen","type":["integer","null"],"unit":"seconds"},{"name":"TouchedTZO","type":["integer","null"],"unit":"seconds"},{"name":"TouchedUserID","type":["string","null"]},{"name":"DayOfWeek","type":["integer","null"]},{"name":"TimeOfDay","type":["integer","null"]},{"name":"SystemMode","type":"boolean"},{"name":"LeafMode","type":"boolean"},{"name":"FanControlActive","type":"boolean"},{"name":"AwayMode","type":["integer","null"]},{"name":"AwayTemperatureLow","type":"decimal"},{"name":"AwayTemperatureHigh","type":"decimal"},{"name":"SafetyTemperatureLow","type":"decimal"},{"name":"SafetyTemperatureHigh","type":"decimal"},{"name":"SafetyTempState","type":"integer"},{"name":"SafetyTempStateTime","type":["integer","null"],"unit":"seconds"},{"name":"EventTouchedBy","type":"integer"},{"name":"EventTouchedUserID","type":["string","null"]},{"name":"TimeZoneFile","type":"string"},{"name":"Target","type":"decimal"},{"name":"IsControlOn","type":"boolean"},{"name":"IsPreconditioningActive","type":"boolean"},{"name":"IsPreconditioningEnabled","type":"boolean"},{"name":"IsSunlightCorrectionActive","type":"boolean"},{"name":"HasHeat","type":"boolean"},{"name":"HasCool","type":"boolean"},{"name":"HasAltHeat","type":"boolean"},{"name":"HasAuxHeat","type":"boolean"},{"name":"HasDehum","type":"boolean"},{"name":"HasDualFuel","type":"boolean"},{"name":"HasEmerHeat","type":"boolean"},{"name":"HasFan","type":"boolean"},{"name":"HasHeatPump","type":"boolean"},{"name":"HasHum","type":"boolean"},{"name":"HasStage2AltHeat","type":"boolean"},{"name":"HasStage2Cool","type":"boolean"},{"name":"HasStage2Heat","type":"boolean"},{"name":"HasStage3Heat","type":"boolean"},{"name":"HasStage3Cool","type":"boolean"},{"name":"HasStage2Fan","type":"boolean"},{"name":"HasStage3Fan","type":"boolean"},{"name":"HasHotWater","type":"boolean"},{"name":"ClockSync","type":"string"},{"name":"HomeAwayInputEnabled","type":"boolean"},{"name":"HomeAwayFollowEnabled","type":"boolean"},{"name":"TopazHomeAwayInputEnabled","type":"boolean"},{"name":"EcoMode","type":["null","string"]},{"name":"EcoTouchedBy","type":["null","integer"]},{"name":"EcoTouchedUserID","type":["null","string"]},{"name":"Summarize","type":"boolean"},{"name":"RemoteSensorID","type":["null","string"]},{"name":"RCSMode","type":"string"}]}
2025-11-08T02:04:51 CurrentState "02AA01AC481302W4" "18b43029c8f7" "structure.d7682330-e682-11e3-8b1e-22000b340158" "5.9.4-5" "unknown" "H2A2K5" -300 0 1 1 23.919 32.000 false 6 1 1721883168 -14400 - 2 24300 true false false - -1000.000 1000.000 4.861 1000.000 0 0 0 - "America/Toronto" -1.000 false false false false false false false false false false false false false false false false false false false false false false "unsynchronized" false false false "schedule" 0 - true - "OFF"
2025-11-08T02:04:51 %TimeChanged { "fields": [{"name":"TimeBeforeChange","type":"timestamp"},{"name":"TimeAfterChange","type":"timestamp"}]}
2025-11-08T02:04:51 TimeChanged 1970-01-01T00:01:00 2025-11-08T02:04:50
2025-11-08T02:04:51 %LongTimerExp { "fields": [{"name":"Type","type":"string"}]}
2025-11-08T02:04:51 LongTimerExp nlLongTimerNetworkCheckup
2025-11-08T02:04:51 %WakeUp { "fields": [{"name":"Type","type":"string"},{"name":"Active","type":"boolean"},{"name":"TotalActive","type":"integer"}]}
2025-11-08T02:04:51 WakeUp nlWakeupReasonLongTimerExpired true 0
2025-11-08T02:04:51 LongTimerExp nlLongTimerCrystalAddData
2025-11-08T02:04:51 LongTimerExp nlLongTimerNextSchedule
2025-11-08T02:04:51 LongTimerExp nlLongTimerNetworkWatchdog
2025-11-08T02:04:51 LongTimerExp nlLongTimerPollBatteryWhileDetached
2025-11-08T02:04:51 LongTimerExp nlLongTimerNextMidnight
2025-11-08T02:04:51 LongTimerExp nlLongTimerController
2025-11-08T02:04:54 %Webworker { "fields": [{"name":"URL","type":"string"},{"name":"IP_Address","type":"string"},{"name":"HTTPResp","type":"integer"},{"name":"NlError","type":"integer"},{"name":"DownloadSize","type":"integer"},{"name":"UploadSize","type":"integer"},{"name":"ReqMS","type":"integer"}]}
2025-11-08T02:04:54 Webworker "https://frontdoor.nest.com/entry" "" 0 -16 0 0 1762567434775
2025-11-08T02:04:55 WakeUp nlWakeupReasonCommsUpdate true 0
2025-11-08T02:04:57 %NewSetPoint { "fields": [{"name":"SetPointType","type":"integer"},{"name":"ScheduleMode","type":"integer"},{"name":"Temperature","type":"decimal","unit":"degrees Celsius"},{"name":"RangeTemperatureMax","type":"decimal","unit":"degrees Celsius"},{"name":"TouchedWhere","type":"integer"},{"name":"DayOfWeek","type":"integer"},{"name":"TimeOfDay","type":"integer"},{"name":"IsContinuation","type":"boolean"},{"name":"TouchedBy","type":"integer"},{"name":"TouchedWhen","type":["integer","null"],"unit":"seconds"},{"name":"TouchedTZO","type":["integer","null"],"unit":"seconds"},{"name":"TouchedUserID","type":["string","null"]}]}
2025-11-08T02:04:57 NewSetPoint 1 1 23.119 32.000 1 4 72000 false 6 1721883183 -14400 -
2025-11-08T02:04:57 CurrentState "02AA01AC481302W4" "18b43029c8f7" "structure.d7682330-e682-11e3-8b1e-22000b340158" "5.9.4-5" "unknown" "H2A2K5" -300 0 1 1 23.119 32.000 false 6 1 1721883183 -14400 - 4 72000 true false false - -1000.000 1000.000 4.861 1000.000 0 0 0 - "America/Toronto" -1.000 false false false false false false false false false false false false false false false false false false false false false false "unsynchronized" false false false "schedule" 0 - true - "OFF"
2025-11-08T02:04:57 %TimeShift { "fields": [{"name":"Seconds","summarize":"first","type":"integer","unit":"seconds"}]}
2025-11-08T02:04:57 TimeShift 1762567430
2025-11-08T02:04:57 %OccupancyCharacteristics { "fields": [{"name":"Identity","summarize":"first","type":"string"},{"name":"WakeupTime","summarize":"first","type":"integer","unit":"seconds"},{"name":"MorningLeaveTime","summarize":"first","type":"integer","unit":"seconds"},{"name":"BedTime","summarize":"first","type":"integer","unit":"seconds"},{"name":"EveningReturnTime","summarize":"first","type":"integer","unit":"seconds"},{"name":"HomeAllDay","summarize":"first","type":"boolean"}]}
2025-11-08T02:04:57 OccupancyCharacteristics "WeekendPIR" 28800 43200 79200 61200 true
2025-11-08T02:04:57 %OccupancySummary { "fields": [{"name":"identity","type":"string"},{"name":"maxCount","type":"integer"},{"name":"data","type":"string"}]}
2025-11-08T02:04:57 OccupancySummary "WeekendPIR" 28 "[0.280,0.329,0.214,0.252,0.220,0.211,0.160,0.275,0.159,0.142,0.158,0.130,0.118,0.122,0.126,0.087,0.160,0.094,0.087,0.171,0.165,0.110,0.054,0.059,0.050,0.125,0.048,0.046,0.061,0.054,0.067,0.072,0.154,0.077,0.116,0.064,0.085,0.163,0.032,0.063,0.072,0.044,0.083,0.082,0.141,0.074,0.064,0.047,0.098,0.048,0.031,0.062,0.036,0.059,0.047,0.136,0.051,0.052,0.038,0.042,0.041,0.038,0.054,0.038,0.103,0.066,0.093,0.077,0.100,0.097,0.059,0.125,0.110,0.144,0.064,0.051,0.093,0.154,0.161,0.127,0.170,0.273,0.125,0.245,0.211,0.201,0.200,0.124,0.228,0.242,0.284,0.306,0.278,0.249,0.269,0.256,0.285,0.330,0.390,0.359,0.381,0.507,0.533,0.485,0.385,0.472,0.535,0.463,0.385,0.483,0.543,0.471,0.584,0.543,0.654,0.645,0.579,0.610,0.665,0.645,0.604,0.554,0.543,0.572,0.582,0.602,0.569,0.651,0.676,0.684,0.564,0.621,0.613,0.635,0.657,0.595,0.532,0.618,0.701,0.643,0.711,0.698,0.662,0.561,0.567,0.586,0.564,0.573,0.645,0.558,0.517,0.559,0.580,0.644,0.559,0.669,0.579,0.549,0.513,0.574,0.538,0.540,0.674,0.613,0.621,0.600,0.631,0.524,0.603,0.484,0.565,0.488,0.596,0.534,0.511,0.542,0.620,0.483,0.505,0.406,0.442,0.464,0.478,0.443,0.365,0.314,0.467,0.455,0.600,0.571,0.564,0.561,0.418,0.537,0.414,0.502,0.449,0.454,0.413,0.556,0.522,0.435,0.404,0.457,0.438,0.489,0.502,0.410,0.407,0.445,0.512,0.468,0.495,0.566,0.487,0.556,0.687,0.607,0.526,0.621,0.592,0.617,0.664,0.651,0.606,0.568,0.628,0.622,0.668,0.628,0.605,0.627,0.677,0.659,0.709,0.694,0.638,0.633,0.574,0.629,0.655,0.648,0.601,0.583,0.621,0.652,0.551,0.638,0.562,0.589,0.582,0.483,0.476,0.499,0.477,0.552,0.553,0.567,0.609,0.483,0.490,0.436,0.524,0.575,0.603,0.520,0.446,0.416,0.451,0.527,0.439,0.415,0.333,0.424,0.368,0.270,0.281,0.352,0.211,0.293,0.239,0.352,0.209,0.233,0.178,0.214,0.201,0.208]"
2025-11-08T02:04:57 OccupancyCharacteristics "WeekdayPIR" 18000 28800 79200 61200 false
2025-11-08T02:04:57 OccupancySummary "WeekdayPIR" 28 "[0.146,0.160,0.135,0.133,0.131,0.150,0.069,0.043,0.084,0.144,0.103,0.096,0.073,0.099,0.137,0.076,0.047,0.125,0.063,0.061,0.097,0.067,0.093,0.032,0.035,0.059,0.065,0.090,0.049,0.038,0.058,0.117,0.125,0.021,0.050,0.049,0.027,0.064,0.066,0.060,0.054,0.055,0.050,0.068,0.111,0.030,0.035,0.012,0.080,0.087,0.071,0.049,0.089,0.019,0.055,0.064,0.021,0.060,0.153,0.039,0.086,0.094,0.009,0.073,0.063,0.036,0.050,0.066,0.016,0.106,0.162,0.158,0.581,0.743,0.852,0.855,0.878,0.825,0.858,0.758,0.487,0.529,0.472,0.423,0.405,0.394,0.418,0.441,0.408,0.281,0.391,0.504,0.659,0.712,0.731,0.699,0.441,0.389,0.440,0.380,0.430,0.439,0.400,0.362,0.327,0.291,0.469,0.289,0.354,0.362,0.304,0.263,0.360,0.383,0.412,0.331,0.333,0.410,0.416,0.339,0.420,0.402,0.373,0.343,0.463,0.322,0.399,0.329,0.290,0.247,0.315,0.232,0.293,0.233,0.218,0.197,0.208,0.248,0.166,0.198,0.274,0.260,0.223,0.269,0.194,0.385,0.309,0.273,0.347,0.389,0.378,0.478,0.411,0.388,0.431,0.493,0.434,0.396,0.390,0.336,0.385,0.397,0.333,0.465,0.391,0.348,0.379,0.307,0.307,0.281,0.281,0.408,0.363,0.324,0.314,0.369,0.282,0.353,0.251,0.285,0.318,0.335,0.331,0.302,0.366,0.384,0.395,0.382,0.328,0.268,0.351,0.289,0.479,0.511,0.263,0.406,0.471,0.463,0.428,0.388,0.461,0.461,0.412,0.498,0.399,0.414,0.432,0.379,0.407,0.532,0.698,0.619,0.548,0.691,0.628,0.664,0.674,0.635,0.739,0.688,0.679,0.815,0.780,0.805,0.664,0.786,0.789,0.766,0.769,0.737,0.715,0.763,0.724,0.791,0.760,0.733,0.738,0.687,0.596,0.644,0.652,0.668,0.612,0.583,0.586,0.524,0.600,0.590,0.524,0.625,0.628,0.599,0.543,0.568,0.675,0.654,0.574,0.589,0.609,0.617,0.698,0.576,0.638,0.601,0.630,0.708,0.584,0.448,0.462,0.397,0.357,0.389,0.358,0.382,0.347,0.296,0.374,0.394,0.427,0.344,0.330,0.286,0.261,0.212,0.151,0.175,0.162,0.131]"
2025-11-08T02:04:57 OccupancyCharacteristics "WeekendRemotePIR" -1 -1 -1 -1 true
2025-11-08T02:04:57 OccupancySummary "WeekendRemotePIR" 0 "[0.000,0.000,0.000,0.000,0.000,0.000,0.000,0.000,0.000,0.000,0.000,0.000,0.000,0.000,0.000,0.000,0.000,0.000,0.000,0.000,0.000,0.000,0.000,0.000,0.000,0.000,0.000,0.000,0.000,0.000,0.000,0.000,0.000,0.000,0.000,0.000,0.000,0.000,0.000,0.000,0.000,0.000,0.000,0.000,0.000,0.000,0.000,0.000,0.000,0.000,0.000,0.000,0.000,0.000,0.000,0.000,0.000,0.000,0.000,0.000,0.000,0.000,0.000,0.000,0.000,0.000,0.000,0.000,0.000,0.000,0.000,0.000,0.000,0.000,0.000,0.000,0.000,0.000,0.000,0.000,0.000,0.000,0.000,0.000,0.000,0.000,0.000,0.000,0.000,0.000,0.000,0.000,0.000,0.000,0.000,0.000,0.000,0.000,0.000,0.000,0.000,0.000,0.000,0.000,0.000,0.000,0.000,0.000,0.000,0.000,0.000,0.000,0.000,0.000,0.000,0.000,0.000,0.000,0.000,0.000,0.000,0.000,0.000,0.000,0.000,0.000,0.000,0.000,0.000,0.000,0.000,0.000,0.000,0.000,0.000,0.000,0.000,0.000,0.000,0.000,0.000,0.000,0.000,0.000,0.000,0.000,0.000,0.000,0.000,0.000,0.000,0.000,0.000,0.000,0.000,0.000,0.000,0.000,0.000,0.000,0.000,0.000,0.000,0.000,0.000,0.000,0.000,0.000,0.000,0.000,0.000,0.000,0.000,0.000,0.000,0.000,0.000,0.000,0.000,0.000,0.000,0.000,0.000,0.000,0.000,0.000,0.000,0.000,0.000,0.000,0.000,0.000,0.000,0.000,0.000,0.000,0.000,0.000,0.000,0.000,0.000,0.000,0.000,0.000,0.000,0.000,0.000,0.000,0.000,0.000,0.000,0.000,0.000,0.000,0.000,0.000,0.000,0.000,0.000,0.000,0.000,0.000,0.000,0.000,0.000,0.000,0.000,0.000,0.000,0.000,0.000,0.000,0.000,0.000,0.000,0.000,0.000,0.000,0.000,0.000,0.000,0.000,0.000,0.000,0.000,0.000,0.000,0.000,0.000,0.000,0.000,0.000,0.000,0.000,0.000,0.000,0.000,0.000,0.000,0.000,0.000,0.000,0.000,0.000,0.000,0.000,0.000,0.000,0.000,0.000,0.000,0.000,0.000,0.000,0.000,0.000,0.000,0.000,0.000,0.000,0.000,0.000,0.000,0.000,0.000,0.000,0.000,0.000]"
2025-11-08T02:04:57 OccupancyCharacteristics "WeekdayRemotePIR" -1 -1 -1 -1 true
2025-11-08T02:04:57 OccupancySummary "WeekdayRemotePIR" 0 "[0.000,0.000,0.000,0.000,0.000,0.000,0.000,0.000,0.000,0.000,0.000,0.000,0.000,0.000,0.000,0.000,0.000,0.000,0.000,0.000,0.000,0.000,0.000,0.000,0.000,0.000,0.000,0.000,0.000,0.000,0.000,0.000,0.000,0.000,0.000,0.000,0.000,0.000,0.000,0.000,0.000,0.000,0.000,0.000,0.000,0.000,0.000,0.000,0.000,0.000,0.000,0.000,0.000,0.000,0.000,0.000,0.000,0.000,0.000,0.000,0.000,0.000,0.000,0.000,0.000,0.000,0.000,0.000,0.000,0.000,0.000,0.000,0.000,0.000,0.000,0.000,0.000,0.000,0.000,0.000,0.000,0.000,0.000,0.000,0.000,0.000,0.000,0.000,0.000,0.000,0.000,0.000,0.000,0.000,0.000,0.000,0.000,0.000,0.000,0.000,0.000,0.000,0.000,0.000,0.000,0.000,0.000,0.000,0.000,0.000,0.000,0.000,0.000,0.000,0.000,0.000,0.000,0.000,0.000,0.000,0.000,0.000,0.000,0.000,0.000,0.000,0.000,0.000,0.000,0.000,0.000,0.000,0.000,0.000,0.000,0.000,0.000,0.000,0.000,0.000,0.000,0.000,0.000,0.000,0.000,0.000,0.000,0.000,0.000,0.000,0.000,0.000,0.000,0.000,0.000,0.000,0.000,0.000,0.000,0.000,0.000,0.000,0.000,0.000,0.000,0.000,0.000,0.000,0.000,0.000,0.000,0.000,0.000,0.000,0.000,0.000,0.000,0.000,0.000,0.000,0.000,0.000,0.000,0.000,0.000,0.000,0.000,0.000,0.000,0.000,0.000,0.000,0.000,0.000,0.000,0.000,0.000,0.000,0.000,0.000,0.000,0.000,0.000,0.000,0.000,0.000,0.000,0.000,0.000,0.000,0.000,0.000,0.000,0.000,0.000,0.000,0.000,0.000,0.000,0.000,0.000,0.000,0.000,0.000,0.000,0.000,0.000,0.000,0.000,0.000,0.000,0.000,0.000,0.000,0.000,0.000,0.000,0.000,0.000,0.000,0.000,0.000,0.000,0.000,0.000,0.000,0.000,0.000,0.000,0.000,0.000,0.000,0.000,0.000,0.000,0.000,0.000,0.000,0.000,0.000,0.000,0.000,0.000,0.000,0.000,0.000,0.000,0.000,0.000,0.000,0.000,0.000,0.000,0.000,0.000,0.000,0.000,0.000,0.000,0.000,0.000,0.000,0.000,0.000,0.000,0.000,0.000,0.000]"
2025-11-08T02:04:57 %PunishmentSummary { "fields": [{"name":"identity","type":"string"},{"name":"data","type":"string"}]}
2025-11-08T02:04:57 PunishmentSummary "WeekdayPunishment" "[0.000,0.000,0.000,0.000,0.000,0.000,0.000,0.000,0.000,0.000,0.000,0.000,0.000,0.000,0.000,0.000,0.000,0.000,0.000,0.000,0.000,0.000,0.000,0.000,0.000,0.000,0.000,0.000,0.000,0.000,0.000,0.000,0.000,0.000,0.000,0.000,0.000,0.000,0.000,0.000,0.000,0.000,0.000,0.000,0.000,0.000,0.000,0.000,0.000,0.000,0.000,0.000,0.000,0.000,0.000,0.000,0.000,0.000,0.000,0.000,0.000,0.000,0.000,0.000,0.000,0.000,0.000,0.000,0.000,0.000,0.000,0.000,0.000,0.000,0.000,0.000,0.000,0.000,0.000,0.000,0.000,0.000,0.000,0.000,0.000,0.000,0.000,0.000,0.000,0.000,0.000,0.000,0.000,0.000,0.000,0.000,0.000,0.000,0.000,0.000,0.000,0.000,0.000,0.000,0.000,0.000,0.000,0.000,0.000,0.000,0.000,0.000,0.000,0.000,0.000,0.000,0.000,0.000,0.000,0.000,0.000,0.000,0.000,0.000,0.000,0.000,0.000,0.000,0.000,0.000,0.000,0.000,0.000,0.000,0.000,0.000,0.000,0.000,0.000,0.000,0.000,0.000,0.000,0.000,0.000,0.000,0.000,0.000,0.000,0.000,0.000,0.000,0.000,0.000,0.000,0.000,0.000,0.000,0.000,0.000,0.000,0.000,0.000,0.000,0.000,0.000,0.000,0.000,0.000,0.000,0.000,0.000,0.000,0.000,0.000,0.000,0.000,0.000,0.000,0.000,0.000,0.000,0.000,0.000,0.000,0.000,0.000,0.000,0.000,0.000,0.000,0.000,0.000,0.000,0.000,0.000,0.000,0.000,0.000,0.000,0.000,0.000,0.000,0.000,0.000,0.000,0.000,0.000,0.000,0.000,0.000,0.000,0.000,0.000,0.000,0.000,0.000,0.000,0.000,0.000,0.000,0.000,0.000,0.000,0.000,0.000,0.000,0.000,0.000,0.000,0.000,0.000,0.000,0.000,0.000,0.000,0.000,0.000,0.000,0.000,0.000,0.000,0.000,0.000,0.000,0.000,0.000,0.000,0.000,0.000,0.000,0.000,0.000,0.000,0.000,0.000,0.000,0.000,0.000,0.000,0.000,0.000,0.000,0.000,0.000,0.000,0.000,0.000,0.000,0.000,0.000,0.000,0.000,0.000,0.000,0.000,0.000,0.000,0.000,0.000,0.000,0.000,0.000,0.000,0.000,0.000,0.000,0.000]"
2025-11-08T02:04:57 PunishmentSummary "WeekendPunishment" "[0.000,0.000,0.000,0.000,0.000,0.000,0.000,0.000,0.000,0.000,0.000,0.000,0.000,0.000,0.000,0.000,0.000,0.000,0.000,0.000,0.000,0.000,0.000,0.000,0.000,0.000,0.000,0.000,0.000,0.000,0.000,0.000,0.000,0.000,0.000,0.000,0.000,0.000,0.000,0.000,0.000,0.000,0.000,0.000,0.000,0.000,0.000,0.000,0.000,0.000,0.000,0.000,0.000,0.000,0.000,0.000,0.000,0.000,0.000,0.000,0.000,0.000,0.000,0.000,0.000,0.000,0.000,0.000,0.000,0.000,0.000,0.000,0.000,0.000,0.000,0.000,0.000,0.000,0.000,0.000,0.000,0.000,0.000,0.000,0.000,0.000,0.000,0.000,0.000,0.000,0.000,0.000,0.000,0.000,0.000,0.000,0.000,0.000,0.000,0.000,0.000,0.000,0.000,0.000,0.000,0.000,0.000,0.000,0.000,0.000,0.000,0.000,0.000,0.000,0.000,0.000,0.000,0.000,0.000,0.000,0.000,0.000,0.000,0.000,0.000,0.000,0.000,0.000,0.000,0.000,0.000,0.000,0.000,0.000,0.000,0.000,0.000,0.000,0.000,0.000,0.000,0.000,0.000,0.000,0.000,0.000,0.000,0.000,0.000,0.000,0.000,0.000,0.000,0.000,0.000,0.000,0.000,0.000,0.000,0.000,0.000,0.000,0.000,0.000,0.000,0.000,0.000,0.000,0.000,0.000,0.000,0.000,0.000,0.000,0.000,0.000,0.000,0.000,0.000,0.000,0.000,0.000,0.000,0.000,0.000,0.000,0.000,0.000,0.000,0.000,0.000,0.000,0.000,0.000,0.000,0.000,0.000,0.000,0.000,0.000,0.000,0.000,0.000,0.000,0.000,0.000,0.000,0.000,0.000,0.000,0.000,0.000,0.000,0.000,0.000,0.000,0.000,0.000,0.000,0.000,0.000,0.000,0.000,0.000,0.000,0.000,0.000,0.000,0.000,0.000,0.000,0.000,0.000,0.000,0.000,0.000,0.000,0.000,0.000,0.000,0.000,0.000,0.000,0.000,0.000,0.000,0.000,0.000,0.000,0.000,0.000,0.000,0.000,0.000,0.000,0.000,0.000,0.000,0.000,0.000,0.000,0.000,0.000,0.000,0.000,0.000,0.000,0.000,0.000,0.000,0.000,0.000,0.000,0.000,0.000,0.000,0.000,0.000,0.000,0.000,0.000,0.000,0.000,0.000,0.000,0.000,0.000,0.000]"
2025-11-08T02:05:20 LongTimerExp nlLongTimerUpdateDelay
2025-11-08T02:05:27 Webworker "https://frontdoor.nest.com/entry" "35.186.162.24" 302 0 366 619 599
2025-11-08T02:05:28 Webworker "https://squeakydoor.nest.com/entry" "44.221.23.39" 200 0 1168 621 1067
2025-11-08T02:05:28 %ClockSynchronization { "fields": [{"name": "synchronization","type":"string"}]}
2025-11-08T02:05:28 ClockSynchronization "synchronized"
2025-11-08T02:05:28 CurrentState "02AA01AC481302W4" "18b43029c8f7" "structure.d7682330-e682-11e3-8b1e-22000b340158" "5.9.4-5" "unknown" "H2A2K5" -300 0 1 1 23.119 32.000 false 6 1 1721883183 -14400 - 4 72000 true false false - -1000.000 1000.000 4.861 1000.000 0 0 0 - "America/Toronto" -1.000 false false false false false false false false false false false false false false false false false false false false false false "synchronized" false false false "schedule" 0 - true - "OFF"
2025-11-08T02:05:29 Webworker "https://weather.nest.com/weather/v1?query=ipv4" "3.208.82.107" 200 0 4940 124 474
2025-11-08T02:05:29 WakeUp nlWakeupReasonLogUploading true 0
2025-11-08T02:05:29 Webworker "https://logsink.devices.nest.com/upload" "35.190.54.210" 200 0 273 6662 424
2025-11-08T02:05:30 Webworker "https://logsink.devices.nest.com/upload" "35.190.54.210" 200 0 273 6059 395
2025-11-08T02:05:30 Webworker "https://logsink.devices.nest.com/upload" "35.190.54.210" 200 0 274 11003 416
2025-11-08T02:05:31 Webworker "https://logsink.devices.nest.com/upload" "35.190.54.210" 200 0 273 2490 390
2025-11-08T02:05:31 Webworker "https://logsink.devices.nest.com/upload" "35.190.54.210" 200 0 273 8344 290
2025-11-08T02:05:32 Webworker "https://logsink.devices.nest.com/upload" "35.190.54.210" 200 0 272 791 402
2025-11-08T02:08:50 LongTimerExp nlLongTimerMinimumCycleTime
